Loss: 1.5154765844345093
Perplexity: 4.55158982688402
